# FILLET Experiment 1a with HEXTOR 4.2.1-42-g75f5fb1
# Model: HEXTOR 4.2.1-42-g75f5fb1 (FILLET re-file, September 2026); 18 latitude belts of 10 deg, seasonal cycle, explicit 730 steps per orbit (dt = 43226.5 s, set by nstepyr).
# Radiation: 1 bar lookup table ./radiation/radiation_N2_CO2_Sun.h5 (clear sky; CO2 axis 100 ppm - 0.91, T 190-370 K with power-law extrapolation outside; CO2 below 100 ppm is clamped to the axis floor); no cloud albedo (fcloud = 0); cloudir = 0.00 W m^-2 (untuned).
# Transport: D = 0.50 W m^-2 K^-1 constant (diffadj off); the Diff column is the value used.
# Surface: surface albedo ocean 0.20 / land 0.30 / snow-ice 0.60; heat capacities land 1e7, water 4e8, ice 1e7 J m^-2 K^-1; ocean fraction 0.75 in every belt; sea-ice fraction 1 - exp((T - 273.15 K)/10 K) between 273.15 and 263.15 K and 1 below; land snow below 273.15 K.
# Orbit: a varied with S = S_earth / a^2, e = 0, year = 365.22 d x a^1.5.
# Initial state: uniform 288 K (warm start) or 233 K (cold start) as noted per experiment; every case starts from that state (no continuation).
# Convergence: halt when the year-to-year change in global-mean OLR falls below 1e-03 W m^-2, or when it repeats to that tolerance over a cycle of up to 4 years (a periodic seasonal oscillation; the case then reports one phase of the cycle) (cap 5000 orbits); one further orbit provides the annual means. Per-case records in logs/.
# Numerics switches: diffcons = .true..
#
# Name of benchmark/experiment: Experiment 1a
# Initial state for this experiment: uniform 288 K (warm start)
# Describe how ice line latitude is determined: latitude where the annual-mean belt temperature crosses 263.15 K, linearly interpolated between belt centres. Ice-free: NMin = 90, SMax = -90; snowball: NMin = 0, SMax = 0. A cap coexisting with a belt in one hemisphere is reported as the cap (noted in logs/).
#
# Columns of data
# Case = case number (0 -> total number of cases in experiment)
# Inst = instellation (S_earth; i.e., relative to Earth's 1361 W m^-2)
# Obl = obliquity (degrees)
# XCO2 = mixing ratio (volume) of CO2 (ppm)
# Tglob = global, annual mean surface temperature (K)
# IceLineNMax = latitude of northern edge of ice in northern hemisphere (deg)
# IceLineNMin = latitude of southern edge of ice in northern hemisphere (deg)
# IceLineSMax = latitude of northern edge of ice in southern hemisphere (deg)
# IceLineSMin = latitude of southern edge of ice in southern hemisphere (deg)
# Diff = diffusion coefficient actually used by the run (W m^-2 K^-1)
# OLR = global, annual mean outgoing longwave radiation (W m^-2)
#
# Examples for IceLine max and min:
# Polar caps: IceLineNMax = 90, IceLineNMin = 60, IceLineSMax = -60, IceLineSMin = -90
# Snowball state: IceLineNMax = 90, IceLineNMin = 0, IceLineSMax = 0, IceLineSMin = -90
# Ice free state: IceLineNMax = 90, IceLineNMin = 90, IceLineSMax = -90, IceLineSMin = -90
# Ice belt: IceLineNMax = 30, IceLineNMin = 0, IceLineSMax = 0, IceLineSMin = -30
# Note ice belt doesn't really have "edges" at 0 deg, but record as 0 anyway to
# keep the columns the same length
#
# Case Inst Obl XCO2 Tglob IceLineNMax IceLineNMin IceLineSMax IceLineSMin Diff OLRglob
0 0.8264 0.0 280.0000 216.18 90.0 0.0 0.0 -90.0 0.5000 109.18
1 0.8264 10.0 280.0000 216.16 90.0 0.0 0.0 -90.0 0.5000 109.31
2 0.8264 20.0 280.0000 216.09 90.0 0.0 0.0 -90.0 0.5000 109.62
3 0.8264 30.0 280.0000 216.18 90.0 0.0 0.0 -90.0 0.5000 110.52
4 0.8264 40.0 280.0000 216.92 90.0 0.0 0.0 -90.0 0.5000 112.81
5 0.8264 50.0 280.0000 219.23 90.0 0.0 0.0 -90.0 0.5000 117.75
6 0.8264 60.0 280.0000 221.06 90.0 0.0 0.0 -90.0 0.5000 121.40
7 0.8264 70.0 280.0000 223.24 90.0 0.0 0.0 -90.0 0.5000 125.47
8 0.8264 80.0 280.0000 224.79 90.0 0.0 0.0 -90.0 0.5000 128.32
9 0.8264 90.0 280.0000 225.36 90.0 0.0 0.0 -90.0 0.5000 129.35
10 0.8456 0.0 280.0000 217.76 90.0 0.0 0.0 -90.0 0.5000 112.02
11 0.8456 10.0 280.0000 217.75 90.0 0.0 0.0 -90.0 0.5000 112.15
12 0.8456 20.0 280.0000 217.69 90.0 0.0 0.0 -90.0 0.5000 112.50
13 0.8456 30.0 280.0000 217.83 90.0 0.0 0.0 -90.0 0.5000 113.48
14 0.8456 40.0 280.0000 218.98 90.0 0.0 0.0 -90.0 0.5000 116.54
15 0.8456 50.0 280.0000 221.28 90.0 0.0 0.0 -90.0 0.5000 121.40
16 0.8456 60.0 280.0000 223.23 90.0 0.0 0.0 -90.0 0.5000 125.23
17 0.8456 70.0 280.0000 225.99 90.0 0.0 0.0 -90.0 0.5000 130.35
18 0.8456 80.0 280.0000 227.22 90.0 0.0 0.0 -90.0 0.5000 132.63
19 0.8456 90.0 280.0000 227.77 90.0 0.0 0.0 -90.0 0.5000 133.64
20 0.8653 0.0 280.0000 219.40 90.0 0.0 0.0 -90.0 0.5000 114.97
21 0.8653 10.0 280.0000 219.39 90.0 0.0 0.0 -90.0 0.5000 115.12
22 0.8653 20.0 280.0000 219.36 90.0 0.0 0.0 -90.0 0.5000 115.52
23 0.8653 30.0 280.0000 219.55 90.0 0.0 0.0 -90.0 0.5000 116.59
24 0.8653 40.0 280.0000 220.97 90.0 0.0 0.0 -90.0 0.5000 120.18
25 0.8653 50.0 280.0000 223.37 90.0 0.0 0.0 -90.0 0.5000 125.17
26 0.8653 60.0 280.0000 226.39 90.0 0.0 0.0 -90.0 0.5000 130.93
27 0.8653 70.0 280.0000 228.39 90.0 0.0 0.0 -90.0 0.5000 134.65
28 0.8653 80.0 280.0000 229.91 90.0 0.0 0.0 -90.0 0.5000 137.46
29 0.8653 90.0 280.0000 230.23 90.0 0.0 0.0 -90.0 0.5000 138.07
30 0.8858 0.0 280.0000 221.09 90.0 0.0 0.0 -90.0 0.5000 118.08
31 0.8858 10.0 280.0000 221.10 90.0 0.0 0.0 -90.0 0.5000 118.24
32 0.8858 20.0 280.0000 221.10 90.0 0.0 0.0 -90.0 0.5000 118.70
33 0.8858 30.0 280.0000 221.33 90.0 0.0 0.0 -90.0 0.5000 119.88
34 0.8858 40.0 280.0000 222.98 90.0 0.0 0.0 -90.0 0.5000 123.85
35 0.8858 50.0 280.0000 225.64 90.0 0.0 0.0 -90.0 0.5000 129.30
36 0.8858 60.0 280.0000 228.99 90.0 0.0 0.0 -90.0 0.5000 135.65
37 0.8858 70.0 280.0000 231.16 90.0 0.0 0.0 -90.0 0.5000 139.68
38 0.8858 80.0 280.0000 232.53 90.0 0.0 0.0 -90.0 0.5000 142.26
39 0.8858 90.0 280.0000 232.90 90.0 0.0 0.0 -90.0 0.5000 142.96
40 0.9070 0.0 280.0000 222.87 90.0 0.0 0.0 -90.0 0.5000 121.37
41 0.9070 10.0 280.0000 222.89 90.0 0.0 0.0 -90.0 0.5000 121.55
42 0.9070 20.0 280.0000 222.91 90.0 0.0 0.0 -90.0 0.5000 122.05
43 0.9070 30.0 280.0000 223.20 90.0 0.0 0.0 -90.0 0.5000 123.36
44 0.9070 40.0 280.0000 225.57 90.0 0.0 0.0 -90.0 0.5000 128.67
45 0.9070 50.0 280.0000 228.59 90.0 0.0 0.0 -90.0 0.5000 134.73
46 0.9070 60.0 280.0000 231.59 90.0 0.0 0.0 -90.0 0.5000 140.41
47 0.9070 70.0 280.0000 233.63 90.0 0.0 0.0 -90.0 0.5000 144.24
48 0.9070 80.0 280.0000 235.04 90.0 0.0 0.0 -90.0 0.5000 146.90
49 0.9070 90.0 280.0000 235.59 90.0 0.0 0.0 -90.0 0.5000 147.95
50 0.9290 0.0 280.0000 224.73 90.0 0.0 0.0 -90.0 0.5000 124.84
51 0.9290 10.0 280.0000 224.75 90.0 0.0 0.0 -90.0 0.5000 125.06
52 0.9290 20.0 280.0000 224.80 90.0 0.0 0.0 -90.0 0.5000 125.60
53 0.9290 30.0 280.0000 225.16 90.0 0.0 0.0 -90.0 0.5000 127.04
54 0.9290 40.0 280.0000 227.97 90.0 0.0 0.0 -90.0 0.5000 133.16
55 0.9290 50.0 280.0000 231.56 90.0 0.0 0.0 -90.0 0.5000 140.23
56 0.9290 60.0 280.0000 234.18 90.0 0.0 0.0 -90.0 0.5000 145.22
57 0.9290 70.0 280.0000 236.42 90.0 0.0 0.0 -90.0 0.5000 149.45
58 0.9290 80.0 280.0000 237.67 90.0 0.0 0.0 -90.0 0.5000 151.86
59 0.9290 90.0 280.0000 238.31 90.0 0.0 0.0 -90.0 0.5000 153.09
60 0.9518 0.0 280.0000 264.48 90.0 35.5 -35.5 -90.0 0.5000 207.57
61 0.9518 10.0 280.0000 226.70 90.0 0.0 0.0 -90.0 0.5000 128.75
62 0.9518 20.0 280.0000 226.78 90.0 0.0 0.0 -90.0 0.5000 129.35
63 0.9518 30.0 280.0000 227.25 90.0 0.0 0.0 -90.0 0.5000 131.01
64 0.9518 40.0 280.0000 230.40 90.0 0.0 0.0 -90.0 0.5000 137.74
65 0.9518 50.0 280.0000 234.04 90.0 0.0 0.0 -90.0 0.5000 144.90
66 0.9518 60.0 280.0000 279.77 90.0 90.0 -90.0 -90.0 0.5000 240.77
67 0.9518 70.0 280.0000 239.16 90.0 0.0 0.0 -90.0 0.5000 154.65
68 0.9518 80.0 280.0000 240.73 90.0 0.0 0.0 -90.0 0.5000 157.71
69 0.9518 90.0 280.0000 241.17 76.7 0.0 0.0 -76.8 0.5000 158.59
70 0.9755 0.0 280.0000 272.49 90.0 42.8 -42.8 -90.0 0.5000 225.36
71 0.9755 10.0 280.0000 268.54 90.0 39.2 -39.2 -90.0 0.5000 216.58
72 0.9755 20.0 280.0000 269.76 90.0 40.9 -40.9 -90.0 0.5000 219.19
73 0.9755 30.0 280.0000 272.74 90.0 45.8 -45.8 -90.0 0.5000 225.52
74 0.9755 40.0 280.0000 274.81 90.0 54.9 -55.0 -90.0 0.5000 229.79
75 0.9755 50.0 280.0000 282.85 90.0 90.0 -90.0 -90.0 0.5000 247.94
76 0.9755 60.0 280.0000 282.73 90.0 90.0 -90.0 -90.0 0.5000 247.64
77 0.9755 70.0 280.0000 282.49 90.0 90.0 -90.0 -90.0 0.5000 247.07
78 0.9755 80.0 280.0000 245.62 64.9 0.0 0.0 -64.9 0.5000 167.35
79 0.9755 90.0 280.0000 246.49 61.4 0.0 0.0 -61.3 0.5000 169.11
80 1.0000 0.0 280.0000 278.03 90.0 47.9 -47.9 -90.0 0.5000 237.67
81 1.0000 10.0 280.0000 277.78 90.0 48.0 -48.0 -90.0 0.5000 237.08
82 1.0000 20.0 280.0000 277.68 90.0 49.2 -49.2 -90.0 0.5000 236.77
83 1.0000 30.0 280.0000 279.91 90.0 55.9 -55.9 -90.0 0.5000 241.58
84 1.0000 40.0 280.0000 283.66 90.0 90.0 -90.0 -90.0 0.5000 249.90
85 1.0000 50.0 280.0000 285.98 90.0 90.0 -90.0 -90.0 0.5000 255.26
86 1.0000 60.0 280.0000 285.83 90.0 90.0 -90.0 -90.0 0.5000 254.86
87 1.0000 70.0 280.0000 285.61 90.0 90.0 -90.0 -90.0 0.5000 254.28
88 1.0000 80.0 280.0000 285.66 90.0 90.0 -90.0 -90.0 0.5000 254.40
89 1.0000 90.0 280.0000 285.75 90.0 90.0 -90.0 -90.0 0.5000 254.63
90 1.0255 0.0 280.0000 284.36 90.0 53.2 -53.2 -90.0 0.5000 252.05
91 1.0255 10.0 280.0000 284.83 90.0 54.5 -54.5 -90.0 0.5000 253.04
92 1.0255 20.0 280.0000 284.83 90.0 57.0 -57.0 -90.0 0.5000 252.85
93 1.0255 30.0 280.0000 285.83 90.0 65.4 -65.4 -90.0 0.5000 254.89
94 1.0255 40.0 280.0000 289.29 90.0 90.0 -90.0 -90.0 0.5000 262.76
95 1.0255 50.0 280.0000 289.28 90.0 90.0 -90.0 -90.0 0.5000 262.89
96 1.0255 60.0 280.0000 289.10 90.0 90.0 -90.0 -90.0 0.5000 262.46
97 1.0255 70.0 280.0000 288.88 90.0 90.0 -90.0 -90.0 0.5000 261.88
98 1.0255 80.0 280.0000 288.92 90.0 90.0 -90.0 -90.0 0.5000 262.00
99 1.0255 90.0 280.0000 289.01 90.0 90.0 -90.0 -90.0 0.5000 262.24
100 1.0519 0.0 280.0000 289.12 90.0 57.5 -57.5 -90.0 0.5000 263.07
101 1.0519 10.0 280.0000 288.96 90.0 58.1 -58.1 -90.0 0.5000 262.62
102 1.0519 20.0 280.0000 289.41 90.0 62.0 -62.0 -90.0 0.5000 263.45
103 1.0519 30.0 280.0000 291.15 90.0 81.0 -81.0 -90.0 0.5000 267.16
104 1.0519 40.0 280.0000 293.05 90.0 90.0 -90.0 -90.0 0.5000 271.37
105 1.0519 50.0 280.0000 292.85 90.0 90.0 -90.0 -90.0 0.5000 271.01
106 1.0519 60.0 280.0000 292.59 90.0 90.0 -90.0 -90.0 0.5000 270.49
107 1.0519 70.0 280.0000 292.31 90.0 90.0 -90.0 -90.0 0.5000 269.88
108 1.0519 80.0 280.0000 292.32 90.0 90.0 -90.0 -90.0 0.5000 270.00
109 1.0519 90.0 280.0000 292.40 90.0 90.0 -90.0 -90.0 0.5000 270.24
110 1.0794 0.0 280.0000 293.14 90.0 60.8 -60.8 -90.0 0.5000 272.94
111 1.0794 10.0 280.0000 293.74 90.0 62.7 -62.7 -90.0 0.5000 274.20
112 1.0794 20.0 280.0000 294.36 90.0 68.4 -68.3 -90.0 0.5000 275.20
113 1.0794 30.0 280.0000 295.73 90.0 90.0 -90.0 -90.0 0.5000 277.90
114 1.0794 40.0 280.0000 296.69 90.0 90.0 -90.0 -90.0 0.5000 279.90
115 1.0794 50.0 280.0000 296.65 90.0 90.0 -90.0 -90.0 0.5000 279.58
116 1.0794 60.0 280.0000 296.35 90.0 90.0 -90.0 -90.0 0.5000 279.05
117 1.0794 70.0 280.0000 295.91 90.0 90.0 -90.0 -90.0 0.5000 278.32
118 1.0794 80.0 280.0000 295.84 90.0 90.0 -90.0 -90.0 0.5000 278.41
119 1.0794 90.0 280.0000 295.90 90.0 90.0 -90.0 -90.0 0.5000 278.64
120 1.1080 0.0 280.0000 297.77 90.0 64.6 -64.6 -90.0 0.5000 284.62
121 1.1080 10.0 280.0000 298.12 90.0 67.1 -67.1 -90.0 0.5000 285.29
122 1.1080 20.0 280.0000 298.40 90.0 73.8 -73.8 -90.0 0.5000 285.38
123 1.1080 30.0 280.0000 299.96 90.0 90.0 -90.0 -90.0 0.5000 288.32
124 1.1080 40.0 280.0000 300.47 90.0 90.0 -90.0 -90.0 0.5000 288.88
125 1.1080 50.0 280.0000 300.48 90.0 90.0 -90.0 -90.0 0.5000 288.58
126 1.1080 60.0 280.0000 300.24 90.0 90.0 -90.0 -90.0 0.5000 288.04
127 1.1080 70.0 280.0000 299.67 90.0 90.0 -90.0 -90.0 0.5000 287.22
128 1.1080 80.0 280.0000 299.48 90.0 90.0 -90.0 -90.0 0.5000 287.23
129 1.1080 90.0 280.0000 299.49 90.0 90.0 -90.0 -90.0 0.5000 287.45
130 1.1378 0.0 280.0000 301.78 90.0 69.2 -69.2 -90.0 0.5000 295.37
131 1.1378 10.0 280.0000 301.80 90.0 70.8 -70.8 -90.0 0.5000 295.12
132 1.1378 20.0 280.0000 302.56 90.0 84.0 -84.0 -90.0 0.5000 296.18
133 1.1378 30.0 280.0000 303.67 90.0 90.0 -90.0 -90.0 0.5000 297.94
134 1.1378 40.0 280.0000 304.22 90.0 90.0 -90.0 -90.0 0.5000 298.21
135 1.1378 50.0 280.0000 304.40 90.0 90.0 -90.0 -90.0 0.5000 298.01
136 1.1378 60.0 280.0000 304.13 90.0 90.0 -90.0 -90.0 0.5000 297.43
137 1.1378 70.0 280.0000 303.50 90.0 90.0 -90.0 -90.0 0.5000 296.54
138 1.1378 80.0 280.0000 303.20 90.0 90.0 -90.0 -90.0 0.5000 296.48
139 1.1378 90.0 280.0000 303.18 90.0 90.0 -90.0 -90.0 0.5000 296.68
140 1.1687 0.0 280.0000 305.33 90.0 72.5 -72.5 -90.0 0.5000 305.43
141 1.1687 10.0 280.0000 305.80 90.0 76.2 -76.2 -90.0 0.5000 306.27
142 1.1687 20.0 280.0000 306.34 90.0 90.0 -90.0 -90.0 0.5000 306.64
143 1.1687 30.0 280.0000 307.25 90.0 90.0 -90.0 -90.0 0.5000 307.57
144 1.1687 40.0 280.0000 307.90 90.0 90.0 -90.0 -90.0 0.5000 307.90
145 1.1687 50.0 280.0000 308.28 90.0 90.0 -90.0 -90.0 0.5000 307.83
146 1.1687 60.0 280.0000 307.96 90.0 90.0 -90.0 -90.0 0.5000 307.21
147 1.1687 70.0 280.0000 307.29 90.0 90.0 -90.0 -90.0 0.5000 306.23
148 1.1687 80.0 280.0000 306.94 90.0 90.0 -90.0 -90.0 0.5000 306.12
149 1.1687 90.0 280.0000 306.90 90.0 90.0 -90.0 -90.0 0.5000 306.31
150 1.2010 0.0 280.0000 309.40 90.0 78.8 -78.8 -90.0 0.5000 317.14
151 1.2010 10.0 280.0000 309.48 90.0 83.2 -83.2 -90.0 0.5000 316.96
152 1.2010 20.0 280.0000 309.95 90.0 90.0 -90.0 -90.0 0.5000 317.13
153 1.2010 30.0 280.0000 310.69 90.0 90.0 -90.0 -90.0 0.5000 317.46
154 1.2010 40.0 280.0000 311.60 90.0 90.0 -90.0 -90.0 0.5000 318.01
155 1.2010 50.0 280.0000 311.92 90.0 90.0 -90.0 -90.0 0.5000 317.92
156 1.2010 60.0 280.0000 311.76 90.0 90.0 -90.0 -90.0 0.5000 317.37
157 1.2010 70.0 280.0000 311.00 90.0 90.0 -90.0 -90.0 0.5000 316.29
158 1.2010 80.0 280.0000 310.64 90.0 90.0 -90.0 -90.0 0.5000 316.14
159 1.2010 90.0 280.0000 310.59 90.0 90.0 -90.0 -90.0 0.5000 316.31
160 1.2346 0.0 280.0000 312.72 90.0 83.4 -83.4 -90.0 0.5000 327.39
161 1.2346 10.0 280.0000 312.87 90.0 90.0 -90.0 -90.0 0.5000 327.36
162 1.2346 20.0 280.0000 313.42 90.0 90.0 -90.0 -90.0 0.5000 327.63
163 1.2346 30.0 280.0000 314.12 90.0 90.0 -90.0 -90.0 0.5000 327.73
164 1.2346 40.0 280.0000 315.11 90.0 90.0 -90.0 -90.0 0.5000 328.38
165 1.2346 50.0 280.0000 315.57 90.0 90.0 -90.0 -90.0 0.5000 328.44
166 1.2346 60.0 280.0000 315.31 90.0 90.0 -90.0 -90.0 0.5000 327.80
167 1.2346 70.0 280.0000 314.67 90.0 90.0 -90.0 -90.0 0.5000 326.72
168 1.2346 80.0 280.0000 314.28 90.0 90.0 -90.0 -90.0 0.5000 326.52
169 1.2346 90.0 280.0000 314.22 90.0 90.0 -90.0 -90.0 0.5000 326.69
170 1.2696 0.0 280.0000 316.25 90.0 90.0 -90.0 -90.0 0.5000 338.20
171 1.2696 10.0 280.0000 316.50 90.0 90.0 -90.0 -90.0 0.5000 338.44
172 1.2696 20.0 280.0000 316.88 90.0 90.0 -90.0 -90.0 0.5000 338.28
173 1.2696 30.0 280.0000 317.58 90.0 90.0 -90.0 -90.0 0.5000 338.42
174 1.2696 40.0 280.0000 318.55 90.0 90.0 -90.0 -90.0 0.5000 339.13
175 1.2696 50.0 280.0000 319.02 90.0 90.0 -90.0 -90.0 0.5000 339.23
176 1.2696 60.0 280.0000 318.78 90.0 90.0 -90.0 -90.0 0.5000 338.60
177 1.2696 70.0 280.0000 318.20 90.0 90.0 -90.0 -90.0 0.5000 337.49
178 1.2696 80.0 280.0000 317.90 90.0 90.0 -90.0 -90.0 0.5000 337.30
179 1.2696 90.0 280.0000 317.84 90.0 90.0 -90.0 -90.0 0.5000 337.46
180 1.3061 0.0 280.0000 319.91 90.0 90.0 -90.0 -90.0 0.5000 349.64
181 1.3061 10.0 280.0000 320.03 90.0 90.0 -90.0 -90.0 0.5000 349.59
182 1.3061 20.0 280.0000 320.36 90.0 90.0 -90.0 -90.0 0.5000 349.28
183 1.3061 30.0 280.0000 321.07 90.0 90.0 -90.0 -90.0 0.5000 349.48
184 1.3061 40.0 280.0000 321.98 90.0 90.0 -90.0 -90.0 0.5000 350.30
185 1.3061 50.0 280.0000 322.33 90.0 90.0 -90.0 -90.0 0.5000 350.35
186 1.3061 60.0 280.0000 322.24 90.0 90.0 -90.0 -90.0 0.5000 349.80
187 1.3061 70.0 280.0000 321.67 90.0 90.0 -90.0 -90.0 0.5000 348.63
188 1.3061 80.0 280.0000 321.43 90.0 90.0 -90.0 -90.0 0.5000 348.43
189 1.3061 90.0 280.0000 321.42 90.0 90.0 -90.0 -90.0 0.5000 348.61
