# FILLET Experiment 2 with HEXTOR 4.2.1-42-g75f5fb1
# Model: HEXTOR 4.2.1-42-g75f5fb1 (FILLET re-file, September 2026); 18 latitude belts of 10 deg, seasonal cycle, explicit 730 steps per orbit (dt = 43226.5 s, set by nstepyr).
# Radiation: 1 bar lookup table ./radiation/radiation_N2_CO2_Sun.h5 (clear sky; CO2 axis 100 ppm - 0.91, T 190-370 K with power-law extrapolation outside; CO2 below 100 ppm is clamped to the axis floor); no cloud albedo (fcloud = 0); cloudir = 0.00 W m^-2 (untuned).
# Transport: D = 0.50 W m^-2 K^-1 constant (diffadj off); the Diff column is the value used.
# Surface: surface albedo ocean 0.20 / land 0.30 / snow-ice 0.60; heat capacities land 1e7, water 4e8, ice 1e7 J m^-2 K^-1; ocean fraction 0.75 in every belt; sea-ice fraction 1 - exp((T - 273.15 K)/10 K) between 273.15 and 263.15 K and 1 below; land snow below 273.15 K.
# Orbit: a = 1 au, e = 0, year 365.22 d.
# Initial state: uniform 288 K (warm start) or 233 K (cold start) as noted per experiment; every case starts from that state (no continuation).
# Convergence: halt when the year-to-year change in global-mean OLR falls below 1e-03 W m^-2, or when it repeats to that tolerance over a cycle of up to 4 years (a periodic seasonal oscillation; the case then reports one phase of the cycle) (cap 5000 orbits); one further orbit provides the annual means. Per-case records in logs/.
# Numerics switches: diffcons = .true..
#
# Name of benchmark/experiment: Experiment 2
# Initial state for this experiment: uniform 233 K (cold start)
# Describe how ice line latitude is determined: latitude where the annual-mean belt temperature crosses 263.15 K, linearly interpolated between belt centres. Ice-free: NMin = 90, SMax = -90; snowball: NMin = 0, SMax = 0. A cap coexisting with a belt in one hemisphere is reported as the cap (noted in logs/).
#
# Columns of data
# Case = case number (0 -> total number of cases in experiment)
# Inst = instellation (S_earth; i.e., relative to Earth's 1361 W m^-2)
# Obl = obliquity (degrees)
# XCO2 = mixing ratio (volume) of CO2 (ppm)
# Tglob = global, annual mean surface temperature (K)
# IceLineNMax = latitude of northern edge of ice in northern hemisphere (deg)
# IceLineNMin = latitude of southern edge of ice in northern hemisphere (deg)
# IceLineSMax = latitude of northern edge of ice in southern hemisphere (deg)
# IceLineSMin = latitude of southern edge of ice in southern hemisphere (deg)
# Diff = diffusion coefficient actually used by the run (W m^-2 K^-1)
# OLR = global, annual mean outgoing longwave radiation (W m^-2)
#
# Examples for IceLine max and min:
# Polar caps: IceLineNMax = 90, IceLineNMin = 60, IceLineSMax = -60, IceLineSMin = -90
# Snowball state: IceLineNMax = 90, IceLineNMin = 0, IceLineSMax = 0, IceLineSMin = -90
# Ice free state: IceLineNMax = 90, IceLineNMin = 90, IceLineSMax = -90, IceLineSMin = -90
# Ice belt: IceLineNMax = 30, IceLineNMin = 0, IceLineSMax = 0, IceLineSMin = -30
# Note ice belt doesn't really have "edges" at 0 deg, but record as 0 anyway to
# keep the columns the same length
#
# Case Inst Obl XCO2 Tglob IceLineNMax IceLineNMin IceLineSMax IceLineSMin Diff OLRglob
0 1.0500 0.0 280.0000 235.31 90.0 0.0 0.0 -90.0 0.5000 145.33
1 1.0500 10.0 280.0000 235.40 90.0 0.0 0.0 -90.0 0.5000 145.67
2 1.0500 20.0 280.0000 235.66 90.0 0.0 0.0 -90.0 0.5000 146.67
3 1.0500 30.0 280.0000 239.17 90.0 0.0 0.0 -90.0 0.5000 154.38
4 1.0500 40.0 280.0000 244.36 90.0 0.0 0.0 -90.0 0.5000 164.89
5 1.0500 50.0 280.0000 248.64 90.0 0.0 0.0 -90.0 0.5000 173.32
6 1.0500 60.0 280.0000 252.55 61.0 0.0 0.0 -60.9 0.5000 181.21
7 1.0500 70.0 280.0000 292.06 90.0 90.0 -90.0 -90.0 0.5000 269.30
8 1.0500 80.0 280.0000 292.07 90.0 90.0 -90.0 -90.0 0.5000 269.42
9 1.0500 90.0 280.0000 292.15 90.0 90.0 -90.0 -90.0 0.5000 269.66
10 1.0750 0.0 280.0000 237.60 90.0 0.0 0.0 -90.0 0.5000 149.91
11 1.0750 10.0 280.0000 237.71 90.0 0.0 0.0 -90.0 0.5000 150.28
12 1.0750 20.0 280.0000 238.05 90.0 0.0 0.0 -90.0 0.5000 151.47
13 1.0750 30.0 280.0000 243.85 90.0 0.0 0.0 -90.0 0.5000 163.74
14 1.0750 40.0 280.0000 247.92 90.0 0.0 0.0 -90.0 0.5000 171.99
15 1.0750 50.0 280.0000 253.54 90.0 0.0 0.0 -90.0 0.5000 183.27
16 1.0750 60.0 280.0000 295.73 90.0 90.0 -90.0 -90.0 0.5000 277.66
17 1.0750 70.0 280.0000 295.32 90.0 90.0 -90.0 -90.0 0.5000 276.95
18 1.0750 80.0 280.0000 295.27 90.0 90.0 -90.0 -90.0 0.5000 277.05
19 1.0750 90.0 280.0000 295.33 90.0 90.0 -90.0 -90.0 0.5000 277.29
20 1.1000 0.0 280.0000 239.95 90.0 0.0 0.0 -90.0 0.5000 154.64
21 1.1000 10.0 280.0000 240.09 90.0 0.0 0.0 -90.0 0.5000 155.10
22 1.1000 20.0 280.0000 240.51 90.0 0.0 0.0 -90.0 0.5000 156.47
23 1.1000 30.0 280.0000 250.01 90.0 0.0 0.0 -90.0 0.5000 176.21
24 1.1000 40.0 280.0000 254.40 90.0 0.0 0.0 -90.0 0.5000 185.20
25 1.1000 50.0 280.0000 299.41 90.0 90.0 -90.0 -90.0 0.5000 286.05
26 1.1000 60.0 280.0000 299.15 90.0 90.0 -90.0 -90.0 0.5000 285.52
27 1.1000 70.0 280.0000 298.61 90.0 90.0 -90.0 -90.0 0.5000 284.71
28 1.1000 80.0 280.0000 298.44 90.0 90.0 -90.0 -90.0 0.5000 284.74
29 1.1000 90.0 280.0000 298.47 90.0 90.0 -90.0 -90.0 0.5000 284.97
30 1.1250 0.0 280.0000 242.40 90.0 0.0 0.0 -90.0 0.5000 159.63
31 1.1250 10.0 280.0000 242.56 90.0 0.0 0.0 -90.0 0.5000 160.14
32 1.1250 20.0 280.0000 247.37 90.0 0.0 0.0 -90.0 0.5000 170.55
33 1.1250 30.0 280.0000 302.13 90.0 90.0 -90.0 -90.0 0.5000 293.92
34 1.1250 40.0 280.0000 302.65 90.0 90.0 -90.0 -90.0 0.5000 294.22
35 1.1250 50.0 280.0000 302.72 90.0 90.0 -90.0 -90.0 0.5000 293.96
36 1.1250 60.0 280.0000 302.48 90.0 90.0 -90.0 -90.0 0.5000 293.40
37 1.1250 70.0 280.0000 301.85 90.0 90.0 -90.0 -90.0 0.5000 292.53
38 1.1250 80.0 280.0000 301.59 90.0 90.0 -90.0 -90.0 0.5000 292.50
39 1.1250 90.0 280.0000 301.58 90.0 90.0 -90.0 -90.0 0.5000 292.71
40 1.1500 0.0 280.0000 244.91 90.0 0.0 0.0 -90.0 0.5000 164.80
41 1.1500 10.0 280.0000 245.10 90.0 0.0 0.0 -90.0 0.5000 165.37
42 1.1500 20.0 280.0000 304.18 90.0 90.0 -90.0 -90.0 0.5000 300.59
43 1.1500 30.0 280.0000 305.11 90.0 90.0 -90.0 -90.0 0.5000 301.77
44 1.1500 40.0 280.0000 305.68 90.0 90.0 -90.0 -90.0 0.5000 302.04
45 1.1500 50.0 280.0000 305.99 90.0 90.0 -90.0 -90.0 0.5000 301.92
46 1.1500 60.0 280.0000 305.64 90.0 90.0 -90.0 -90.0 0.5000 301.29
47 1.1500 70.0 280.0000 304.99 90.0 90.0 -90.0 -90.0 0.5000 300.36
48 1.1500 80.0 280.0000 304.67 90.0 90.0 -90.0 -90.0 0.5000 300.28
49 1.1500 90.0 280.0000 304.64 90.0 90.0 -90.0 -90.0 0.5000 300.48
50 1.1750 0.0 280.0000 247.50 90.0 0.0 0.0 -90.0 0.5000 170.17
51 1.1750 10.0 280.0000 247.73 90.0 0.0 0.0 -90.0 0.5000 170.84
52 1.1750 20.0 280.0000 307.06 90.0 90.0 -90.0 -90.0 0.5000 308.70
53 1.1750 30.0 280.0000 307.93 90.0 90.0 -90.0 -90.0 0.5000 309.50
54 1.1750 40.0 280.0000 308.62 90.0 90.0 -90.0 -90.0 0.5000 309.87
55 1.1750 50.0 280.0000 308.98 90.0 90.0 -90.0 -90.0 0.5000 309.79
56 1.1750 60.0 280.0000 308.69 90.0 90.0 -90.0 -90.0 0.5000 309.18
57 1.1750 70.0 280.0000 307.99 90.0 90.0 -90.0 -90.0 0.5000 308.18
58 1.1750 80.0 280.0000 307.64 90.0 90.0 -90.0 -90.0 0.5000 308.06
59 1.1750 90.0 280.0000 307.59 90.0 90.0 -90.0 -90.0 0.5000 308.25
60 1.2000 0.0 280.0000 309.30 90.0 78.7 -78.7 -90.0 0.5000 316.84
61 1.2000 10.0 280.0000 309.38 90.0 83.0 -83.0 -90.0 0.5000 316.66
62 1.2000 20.0 280.0000 309.83 90.0 90.0 -90.0 -90.0 0.5000 316.79
63 1.2000 30.0 280.0000 310.59 90.0 90.0 -90.0 -90.0 0.5000 317.17
64 1.2000 40.0 280.0000 311.48 90.0 90.0 -90.0 -90.0 0.5000 317.71
65 1.2000 50.0 280.0000 311.78 90.0 90.0 -90.0 -90.0 0.5000 317.61
66 1.2000 60.0 280.0000 311.60 90.0 90.0 -90.0 -90.0 0.5000 317.05
67 1.2000 70.0 280.0000 310.85 90.0 90.0 -90.0 -90.0 0.5000 315.97
68 1.2000 80.0 280.0000 310.49 90.0 90.0 -90.0 -90.0 0.5000 315.82
69 1.2000 90.0 280.0000 310.44 90.0 90.0 -90.0 -90.0 0.5000 316.00
70 1.2250 0.0 280.0000 311.77 90.0 82.1 -82.1 -90.0 0.5000 324.45
71 1.2250 10.0 280.0000 311.90 90.0 90.0 -90.0 -90.0 0.5000 324.39
72 1.2250 20.0 280.0000 312.46 90.0 90.0 -90.0 -90.0 0.5000 324.70
73 1.2250 30.0 280.0000 313.15 90.0 90.0 -90.0 -90.0 0.5000 324.81
74 1.2250 40.0 280.0000 314.12 90.0 90.0 -90.0 -90.0 0.5000 325.44
75 1.2250 50.0 280.0000 314.52 90.0 90.0 -90.0 -90.0 0.5000 325.44
76 1.2250 60.0 280.0000 314.29 90.0 90.0 -90.0 -90.0 0.5000 324.83
77 1.2250 70.0 280.0000 313.60 90.0 90.0 -90.0 -90.0 0.5000 323.74
78 1.2250 80.0 280.0000 313.22 90.0 90.0 -90.0 -90.0 0.5000 323.55
79 1.2250 90.0 280.0000 313.17 90.0 90.0 -90.0 -90.0 0.5000 323.73
80 1.2500 0.0 280.0000 314.28 90.0 90.0 -90.0 -90.0 0.5000 332.16
81 1.2500 10.0 280.0000 314.45 90.0 90.0 -90.0 -90.0 0.5000 332.21
82 1.2500 20.0 280.0000 314.95 90.0 90.0 -90.0 -90.0 0.5000 332.34
83 1.2500 30.0 280.0000 315.66 90.0 90.0 -90.0 -90.0 0.5000 332.46
84 1.2500 40.0 280.0000 316.62 90.0 90.0 -90.0 -90.0 0.5000 333.12
85 1.2500 50.0 280.0000 317.11 90.0 90.0 -90.0 -90.0 0.5000 333.22
86 1.2500 60.0 280.0000 316.81 90.0 90.0 -90.0 -90.0 0.5000 332.55
87 1.2500 70.0 280.0000 316.22 90.0 90.0 -90.0 -90.0 0.5000 331.47
88 1.2500 80.0 280.0000 315.86 90.0 90.0 -90.0 -90.0 0.5000 331.26
89 1.2500 90.0 280.0000 315.80 90.0 90.0 -90.0 -90.0 0.5000 331.43
90 1.2750 0.0 280.0000 316.80 90.0 90.0 -90.0 -90.0 0.5000 339.89
91 1.2750 10.0 280.0000 317.04 90.0 90.0 -90.0 -90.0 0.5000 340.13
92 1.2750 20.0 280.0000 317.39 90.0 90.0 -90.0 -90.0 0.5000 339.91
93 1.2750 30.0 280.0000 318.09 90.0 90.0 -90.0 -90.0 0.5000 340.06
94 1.2750 40.0 280.0000 319.04 90.0 90.0 -90.0 -90.0 0.5000 340.79
95 1.2750 50.0 280.0000 319.47 90.0 90.0 -90.0 -90.0 0.5000 340.86
96 1.2750 60.0 280.0000 319.26 90.0 90.0 -90.0 -90.0 0.5000 340.24
97 1.2750 70.0 280.0000 318.69 90.0 90.0 -90.0 -90.0 0.5000 339.13
98 1.2750 80.0 280.0000 318.40 90.0 90.0 -90.0 -90.0 0.5000 338.93
99 1.2750 90.0 280.0000 318.36 90.0 90.0 -90.0 -90.0 0.5000 339.10
100 1.3000 0.0 280.0000 319.34 90.0 90.0 -90.0 -90.0 0.5000 347.83
101 1.3000 10.0 280.0000 319.46 90.0 90.0 -90.0 -90.0 0.5000 347.75
102 1.3000 20.0 280.0000 319.77 90.0 90.0 -90.0 -90.0 0.5000 347.44
103 1.3000 30.0 280.0000 320.49 90.0 90.0 -90.0 -90.0 0.5000 347.63
104 1.3000 40.0 280.0000 321.39 90.0 90.0 -90.0 -90.0 0.5000 348.43
105 1.3000 50.0 280.0000 321.74 90.0 90.0 -90.0 -90.0 0.5000 348.47
106 1.3000 60.0 280.0000 321.63 90.0 90.0 -90.0 -90.0 0.5000 347.91
107 1.3000 70.0 280.0000 321.07 90.0 90.0 -90.0 -90.0 0.5000 346.75
108 1.3000 80.0 280.0000 320.83 90.0 90.0 -90.0 -90.0 0.5000 346.56
109 1.3000 90.0 280.0000 320.81 90.0 90.0 -90.0 -90.0 0.5000 346.73
110 1.3250 0.0 280.0000 321.67 90.0 90.0 -90.0 -90.0 0.5000 355.28
111 1.3250 10.0 280.0000 321.80 90.0 90.0 -90.0 -90.0 0.5000 355.25
112 1.3250 20.0 280.0000 322.11 90.0 90.0 -90.0 -90.0 0.5000 354.95
113 1.3250 30.0 280.0000 322.83 90.0 90.0 -90.0 -90.0 0.5000 355.18
114 1.3250 40.0 280.0000 323.68 90.0 90.0 -90.0 -90.0 0.5000 356.02
115 1.3250 50.0 280.0000 323.96 90.0 90.0 -90.0 -90.0 0.5000 356.07
116 1.3250 60.0 280.0000 323.87 90.0 90.0 -90.0 -90.0 0.5000 355.50
117 1.3250 70.0 280.0000 323.39 90.0 90.0 -90.0 -90.0 0.5000 354.35
118 1.3250 80.0 280.0000 323.17 90.0 90.0 -90.0 -90.0 0.5000 354.13
119 1.3250 90.0 280.0000 323.17 90.0 90.0 -90.0 -90.0 0.5000 354.31
120 1.3500 0.0 280.0000 324.00 90.0 90.0 -90.0 -90.0 0.5000 362.72
121 1.3500 10.0 280.0000 324.15 90.0 90.0 -90.0 -90.0 0.5000 362.74
122 1.3500 20.0 280.0000 324.44 90.0 90.0 -90.0 -90.0 0.5000 362.42
123 1.3500 30.0 280.0000 325.13 90.0 90.0 -90.0 -90.0 0.5000 362.72
124 1.3500 40.0 280.0000 325.92 90.0 90.0 -90.0 -90.0 0.5000 363.56
125 1.3500 50.0 280.0000 326.14 90.0 90.0 -90.0 -90.0 0.5000 363.66
126 1.3500 60.0 280.0000 326.04 90.0 90.0 -90.0 -90.0 0.5000 363.04
127 1.3500 70.0 280.0000 325.66 90.0 90.0 -90.0 -90.0 0.5000 361.92
128 1.3500 80.0 280.0000 325.46 90.0 90.0 -90.0 -90.0 0.5000 361.69
129 1.3500 90.0 280.0000 325.47 90.0 90.0 -90.0 -90.0 0.5000 361.86
130 1.3750 0.0 280.0000 326.34 90.0 90.0 -90.0 -90.0 0.5000 370.17
131 1.3750 10.0 280.0000 326.49 90.0 90.0 -90.0 -90.0 0.5000 370.19
132 1.3750 20.0 280.0000 326.77 90.0 90.0 -90.0 -90.0 0.5000 369.88
133 1.3750 30.0 280.0000 327.42 90.0 90.0 -90.0 -90.0 0.5000 370.22
134 1.3750 40.0 280.0000 328.12 90.0 90.0 -90.0 -90.0 0.5000 371.09
135 1.3750 50.0 280.0000 328.29 90.0 90.0 -90.0 -90.0 0.5000 371.17
136 1.3750 60.0 280.0000 328.15 90.0 90.0 -90.0 -90.0 0.5000 370.54
137 1.3750 70.0 280.0000 327.85 90.0 90.0 -90.0 -90.0 0.5000 369.43
138 1.3750 80.0 280.0000 327.72 90.0 90.0 -90.0 -90.0 0.5000 369.22
139 1.3750 90.0 280.0000 327.73 90.0 90.0 -90.0 -90.0 0.5000 369.38
140 1.4000 0.0 280.0000 328.69 90.0 90.0 -90.0 -90.0 0.5000 377.63
141 1.4000 10.0 280.0000 328.83 90.0 90.0 -90.0 -90.0 0.5000 377.64
142 1.4000 20.0 280.0000 329.08 90.0 90.0 -90.0 -90.0 0.5000 377.32
143 1.4000 30.0 280.0000 329.69 90.0 90.0 -90.0 -90.0 0.5000 377.69
144 1.4000 40.0 280.0000 330.29 90.0 90.0 -90.0 -90.0 0.5000 378.61
145 1.4000 50.0 280.0000 330.41 90.0 90.0 -90.0 -90.0 0.5000 378.66
146 1.4000 60.0 280.0000 330.26 90.0 90.0 -90.0 -90.0 0.5000 378.04
147 1.4000 70.0 280.0000 329.98 90.0 90.0 -90.0 -90.0 0.5000 376.89
148 1.4000 80.0 280.0000 329.92 90.0 90.0 -90.0 -90.0 0.5000 376.70
149 1.4000 90.0 280.0000 329.96 90.0 90.0 -90.0 -90.0 0.5000 376.87
150 1.4250 0.0 280.0000 331.00 90.0 90.0 -90.0 -90.0 0.5000 384.97
151 1.4250 10.0 280.0000 331.13 90.0 90.0 -90.0 -90.0 0.5000 384.99
152 1.4250 20.0 280.0000 331.37 90.0 90.0 -90.0 -90.0 0.5000 384.74
153 1.4250 30.0 280.0000 331.94 90.0 90.0 -90.0 -90.0 0.5000 385.13
154 1.4250 40.0 280.0000 332.45 90.0 90.0 -90.0 -90.0 0.5000 386.08
155 1.4250 50.0 280.0000 332.52 90.0 90.0 -90.0 -90.0 0.5000 386.13
156 1.4250 60.0 280.0000 332.37 90.0 90.0 -90.0 -90.0 0.5000 385.52
157 1.4250 70.0 280.0000 332.09 90.0 90.0 -90.0 -90.0 0.5000 384.33
158 1.4250 80.0 280.0000 332.07 90.0 90.0 -90.0 -90.0 0.5000 384.14
159 1.4250 90.0 280.0000 332.13 90.0 90.0 -90.0 -90.0 0.5000 384.32
160 1.4500 0.0 280.0000 333.28 90.0 90.0 -90.0 -90.0 0.5000 392.27
161 1.4500 10.0 280.0000 333.40 90.0 90.0 -90.0 -90.0 0.5000 392.30
162 1.4500 20.0 280.0000 333.64 90.0 90.0 -90.0 -90.0 0.5000 392.09
163 1.4500 30.0 280.0000 334.17 90.0 90.0 -90.0 -90.0 0.5000 392.56
164 1.4500 40.0 280.0000 334.61 90.0 90.0 -90.0 -90.0 0.5000 393.52
165 1.4500 50.0 280.0000 334.63 90.0 90.0 -90.0 -90.0 0.5000 393.61
166 1.4500 60.0 280.0000 334.48 90.0 90.0 -90.0 -90.0 0.5000 392.97
167 1.4500 70.0 280.0000 334.20 90.0 90.0 -90.0 -90.0 0.5000 391.76
168 1.4500 80.0 280.0000 334.19 90.0 90.0 -90.0 -90.0 0.5000 391.54
169 1.4500 90.0 280.0000 334.27 90.0 90.0 -90.0 -90.0 0.5000 391.72
170 1.4750 0.0 280.0000 335.53 90.0 90.0 -90.0 -90.0 0.5000 399.57
171 1.4750 10.0 280.0000 335.65 90.0 90.0 -90.0 -90.0 0.5000 399.61
172 1.4750 20.0 280.0000 335.89 90.0 90.0 -90.0 -90.0 0.5000 399.42
173 1.4750 30.0 280.0000 336.39 90.0 90.0 -90.0 -90.0 0.5000 399.95
174 1.4750 40.0 280.0000 336.77 90.0 90.0 -90.0 -90.0 0.5000 400.93
175 1.4750 50.0 280.0000 336.74 90.0 90.0 -90.0 -90.0 0.5000 401.04
176 1.4750 60.0 280.0000 336.59 90.0 90.0 -90.0 -90.0 0.5000 400.39
177 1.4750 70.0 280.0000 336.32 90.0 90.0 -90.0 -90.0 0.5000 399.17
178 1.4750 80.0 280.0000 336.31 90.0 90.0 -90.0 -90.0 0.5000 398.92
179 1.4750 90.0 280.0000 336.38 90.0 90.0 -90.0 -90.0 0.5000 399.10
180 1.5000 0.0 280.0000 337.78 90.0 90.0 -90.0 -90.0 0.5000 406.85
181 1.5000 10.0 280.0000 337.90 90.0 90.0 -90.0 -90.0 0.5000 406.91
182 1.5000 20.0 280.0000 338.14 90.0 90.0 -90.0 -90.0 0.5000 406.73
183 1.5000 30.0 280.0000 338.59 90.0 90.0 -90.0 -90.0 0.5000 407.29
184 1.5000 40.0 280.0000 338.92 90.0 90.0 -90.0 -90.0 0.5000 408.34
185 1.5000 50.0 280.0000 338.87 90.0 90.0 -90.0 -90.0 0.5000 408.43
186 1.5000 60.0 280.0000 338.70 90.0 90.0 -90.0 -90.0 0.5000 407.77
187 1.5000 70.0 280.0000 338.43 90.0 90.0 -90.0 -90.0 0.5000 406.54
188 1.5000 80.0 280.0000 338.43 90.0 90.0 -90.0 -90.0 0.5000 406.28
189 1.5000 90.0 280.0000 338.50 90.0 90.0 -90.0 -90.0 0.5000 406.45
