# FILLET Experiment 1 with HEXTOR 4.2.1-42-g75f5fb1
# Model: HEXTOR 4.2.1-42-g75f5fb1 (FILLET re-file, September 2026); 18 latitude belts of 10 deg, seasonal cycle, explicit 730 steps per orbit (dt = 43226.5 s, set by nstepyr).
# Radiation: 1 bar lookup table ./radiation/radiation_N2_CO2_Sun.h5 (clear sky; CO2 axis 100 ppm - 0.91, T 190-370 K with power-law extrapolation outside; CO2 below 100 ppm is clamped to the axis floor); no cloud albedo (fcloud = 0); cloudir = 0.00 W m^-2 (untuned).
# Transport: D = 0.50 W m^-2 K^-1 constant (diffadj off); the Diff column is the value used.
# Surface: surface albedo ocean 0.20 / land 0.30 / snow-ice 0.60; heat capacities land 1e7, water 4e8, ice 1e7 J m^-2 K^-1; ocean fraction 0.75 in every belt; sea-ice fraction 1 - exp((T - 273.15 K)/10 K) between 273.15 and 263.15 K and 1 below; land snow below 273.15 K.
# Orbit: a = 1 au, e = 0, year 365.22 d.
# Initial state: uniform 288 K (warm start) or 233 K (cold start) as noted per experiment; every case starts from that state (no continuation).
# Convergence: halt when the year-to-year change in global-mean OLR falls below 1e-03 W m^-2, or when it repeats to that tolerance over a cycle of up to 4 years (a periodic seasonal oscillation; the case then reports one phase of the cycle) (cap 5000 orbits); one further orbit provides the annual means. Per-case records in logs/.
# Numerics switches: diffcons = .true..
#
# Name of benchmark/experiment: Experiment 1
# Initial state for this experiment: uniform 288 K (warm start)
# Describe how ice line latitude is determined: latitude where the annual-mean belt temperature crosses 263.15 K, linearly interpolated between belt centres. Ice-free: NMin = 90, SMax = -90; snowball: NMin = 0, SMax = 0. A cap coexisting with a belt in one hemisphere is reported as the cap (noted in logs/).
#
# Columns of data
# Case = case number (0 -> total number of cases in experiment)
# Inst = instellation (S_earth; i.e., relative to Earth's 1361 W m^-2)
# Obl = obliquity (degrees)
# XCO2 = mixing ratio (volume) of CO2 (ppm)
# Tglob = global, annual mean surface temperature (K)
# IceLineNMax = latitude of northern edge of ice in northern hemisphere (deg)
# IceLineNMin = latitude of southern edge of ice in northern hemisphere (deg)
# IceLineSMax = latitude of northern edge of ice in southern hemisphere (deg)
# IceLineSMin = latitude of southern edge of ice in southern hemisphere (deg)
# Diff = diffusion coefficient actually used by the run (W m^-2 K^-1)
# OLR = global, annual mean outgoing longwave radiation (W m^-2)
#
# Examples for IceLine max and min:
# Polar caps: IceLineNMax = 90, IceLineNMin = 60, IceLineSMax = -60, IceLineSMin = -90
# Snowball state: IceLineNMax = 90, IceLineNMin = 0, IceLineSMax = 0, IceLineSMin = -90
# Ice free state: IceLineNMax = 90, IceLineNMin = 90, IceLineSMax = -90, IceLineSMin = -90
# Ice belt: IceLineNMax = 30, IceLineNMin = 0, IceLineSMax = 0, IceLineSMin = -30
# Note ice belt doesn't really have "edges" at 0 deg, but record as 0 anyway to
# keep the columns the same length
#
# Case Inst Obl XCO2 Tglob IceLineNMax IceLineNMin IceLineSMax IceLineSMin Diff OLRglob
0 0.8000 0.0 280.0000 214.00 90.0 0.0 0.0 -90.0 0.5000 105.31
1 0.8000 10.0 280.0000 213.98 90.0 0.0 0.0 -90.0 0.5000 105.42
2 0.8000 20.0 280.0000 213.89 90.0 0.0 0.0 -90.0 0.5000 105.65
3 0.8000 30.0 280.0000 213.93 90.0 0.0 0.0 -90.0 0.5000 106.34
4 0.8000 40.0 280.0000 214.20 90.0 0.0 0.0 -90.0 0.5000 107.63
5 0.8000 50.0 280.0000 215.57 90.0 0.0 0.0 -90.0 0.5000 110.88
6 0.8000 60.0 280.0000 217.30 90.0 0.0 0.0 -90.0 0.5000 114.43
7 0.8000 70.0 280.0000 218.51 90.0 0.0 0.0 -90.0 0.5000 116.79
8 0.8000 80.0 280.0000 219.31 90.0 0.0 0.0 -90.0 0.5000 118.31
9 0.8000 90.0 280.0000 219.90 90.0 0.0 0.0 -90.0 0.5000 119.35
10 0.8250 0.0 280.0000 216.06 90.0 0.0 0.0 -90.0 0.5000 108.97
11 0.8250 10.0 280.0000 216.05 90.0 0.0 0.0 -90.0 0.5000 109.08
12 0.8250 20.0 280.0000 215.98 90.0 0.0 0.0 -90.0 0.5000 109.35
13 0.8250 30.0 280.0000 216.06 90.0 0.0 0.0 -90.0 0.5000 110.14
14 0.8250 40.0 280.0000 216.62 90.0 0.0 0.0 -90.0 0.5000 112.01
15 0.8250 50.0 280.0000 218.11 90.0 0.0 0.0 -90.0 0.5000 115.42
16 0.8250 60.0 280.0000 220.14 90.0 0.0 0.0 -90.0 0.5000 119.46
17 0.8250 70.0 280.0000 221.46 90.0 0.0 0.0 -90.0 0.5000 121.97
18 0.8250 80.0 280.0000 223.19 90.0 0.0 0.0 -90.0 0.5000 125.14
19 0.8250 90.0 280.0000 223.80 90.0 0.0 0.0 -90.0 0.5000 126.26
20 0.8500 0.0 280.0000 218.13 90.0 0.0 0.0 -90.0 0.5000 112.68
21 0.8500 10.0 280.0000 218.12 90.0 0.0 0.0 -90.0 0.5000 112.81
22 0.8500 20.0 280.0000 218.07 90.0 0.0 0.0 -90.0 0.5000 113.12
23 0.8500 30.0 280.0000 218.21 90.0 0.0 0.0 -90.0 0.5000 114.02
24 0.8500 40.0 280.0000 219.00 90.0 0.0 0.0 -90.0 0.5000 116.34
25 0.8500 50.0 280.0000 221.29 90.0 0.0 0.0 -90.0 0.5000 121.18
26 0.8500 60.0 280.0000 223.03 90.0 0.0 0.0 -90.0 0.5000 124.60
27 0.8500 70.0 280.0000 225.31 90.0 0.0 0.0 -90.0 0.5000 128.88
28 0.8500 80.0 280.0000 226.65 90.0 0.0 0.0 -90.0 0.5000 131.35
29 0.8500 90.0 280.0000 227.18 90.0 0.0 0.0 -90.0 0.5000 132.32
30 0.8750 0.0 280.0000 220.20 90.0 0.0 0.0 -90.0 0.5000 116.43
31 0.8750 10.0 280.0000 220.20 90.0 0.0 0.0 -90.0 0.5000 116.57
32 0.8750 20.0 280.0000 220.18 90.0 0.0 0.0 -90.0 0.5000 116.96
33 0.8750 30.0 280.0000 220.37 90.0 0.0 0.0 -90.0 0.5000 117.99
34 0.8750 40.0 280.0000 221.70 90.0 0.0 0.0 -90.0 0.5000 121.33
35 0.8750 50.0 280.0000 224.05 90.0 0.0 0.0 -90.0 0.5000 126.20
36 0.8750 60.0 280.0000 226.69 90.0 0.0 0.0 -90.0 0.5000 131.26
37 0.8750 70.0 280.0000 228.66 90.0 0.0 0.0 -90.0 0.5000 134.95
38 0.8750 80.0 280.0000 230.12 90.0 0.0 0.0 -90.0 0.5000 137.66
39 0.8750 90.0 280.0000 230.68 90.0 0.0 0.0 -90.0 0.5000 138.70
40 0.9000 0.0 280.0000 222.28 90.0 0.0 0.0 -90.0 0.5000 120.27
41 0.9000 10.0 280.0000 222.29 90.0 0.0 0.0 -90.0 0.5000 120.44
42 0.9000 20.0 280.0000 222.30 90.0 0.0 0.0 -90.0 0.5000 120.89
43 0.9000 30.0 280.0000 222.56 90.0 0.0 0.0 -90.0 0.5000 122.06
44 0.9000 40.0 280.0000 224.20 90.0 0.0 0.0 -90.0 0.5000 125.98
45 0.9000 50.0 280.0000 226.89 90.0 0.0 0.0 -90.0 0.5000 131.42
46 0.9000 60.0 280.0000 230.04 90.0 0.0 0.0 -90.0 0.5000 137.41
47 0.9000 70.0 280.0000 231.95 90.0 0.0 0.0 -90.0 0.5000 140.99
48 0.9000 80.0 280.0000 233.51 90.0 0.0 0.0 -90.0 0.5000 143.93
49 0.9000 90.0 280.0000 233.96 90.0 0.0 0.0 -90.0 0.5000 144.77
50 0.9250 0.0 280.0000 224.39 90.0 0.0 0.0 -90.0 0.5000 124.20
51 0.9250 10.0 280.0000 224.41 90.0 0.0 0.0 -90.0 0.5000 124.40
52 0.9250 20.0 280.0000 224.44 90.0 0.0 0.0 -90.0 0.5000 124.90
53 0.9250 30.0 280.0000 224.78 90.0 0.0 0.0 -90.0 0.5000 126.25
54 0.9250 40.0 280.0000 227.31 90.0 0.0 0.0 -90.0 0.5000 131.84
55 0.9250 50.0 280.0000 230.54 90.0 0.0 0.0 -90.0 0.5000 138.25
56 0.9250 60.0 280.0000 233.33 90.0 0.0 0.0 -90.0 0.5000 143.53
57 0.9250 70.0 280.0000 235.32 90.0 0.0 0.0 -90.0 0.5000 147.30
58 0.9250 80.0 280.0000 236.62 90.0 0.0 0.0 -90.0 0.5000 149.78
59 0.9250 90.0 280.0000 237.15 90.0 0.0 0.0 -90.0 0.5000 150.80
60 0.9500 0.0 280.0000 264.18 90.0 35.2 -35.2 -90.0 0.5000 206.92
61 0.9500 10.0 280.0000 226.55 90.0 0.0 0.0 -90.0 0.5000 128.45
62 0.9500 20.0 280.0000 226.61 90.0 0.0 0.0 -90.0 0.5000 129.02
63 0.9500 30.0 280.0000 227.04 90.0 0.0 0.0 -90.0 0.5000 130.55
64 0.9500 40.0 280.0000 230.03 90.0 0.0 0.0 -90.0 0.5000 136.99
65 0.9500 50.0 280.0000 233.61 90.0 0.0 0.0 -90.0 0.5000 144.02
66 0.9500 60.0 280.0000 279.55 90.0 90.0 -90.0 -90.0 0.5000 240.24
67 0.9500 70.0 280.0000 238.71 90.0 0.0 0.0 -90.0 0.5000 153.73
68 0.9500 80.0 280.0000 240.04 90.0 0.0 0.0 -90.0 0.5000 156.32
69 0.9500 90.0 280.0000 240.57 82.4 0.0 0.0 -82.7 0.5000 157.37
70 0.9750 0.0 280.0000 272.43 90.0 42.8 -42.8 -90.0 0.5000 225.22
71 0.9750 10.0 280.0000 268.44 90.0 39.1 -39.1 -90.0 0.5000 216.34
72 0.9750 20.0 280.0000 269.49 90.0 40.6 -40.6 -90.0 0.5000 218.59
73 0.9750 30.0 280.0000 272.59 90.0 45.6 -45.6 -90.0 0.5000 225.19
74 0.9750 40.0 280.0000 274.21 90.0 53.6 -53.5 -90.0 0.5000 228.46
75 0.9750 50.0 280.0000 282.80 90.0 90.0 -90.0 -90.0 0.5000 247.82
76 0.9750 60.0 280.0000 282.68 90.0 90.0 -90.0 -90.0 0.5000 247.50
77 0.9750 70.0 280.0000 282.43 90.0 90.0 -90.0 -90.0 0.5000 246.93
78 0.9750 80.0 280.0000 245.43 65.6 0.0 0.0 -65.3 0.5000 166.95
79 0.9750 90.0 280.0000 246.08 62.3 0.0 0.0 -62.3 0.5000 168.28
80 1.0000 0.0 280.0000 278.03 90.0 47.9 -47.9 -90.0 0.5000 237.67
81 1.0000 10.0 280.0000 277.78 90.0 48.0 -48.0 -90.0 0.5000 237.08
82 1.0000 20.0 280.0000 277.68 90.0 49.2 -49.2 -90.0 0.5000 236.77
83 1.0000 30.0 280.0000 279.91 90.0 55.9 -55.9 -90.0 0.5000 241.58
84 1.0000 40.0 280.0000 283.66 90.0 90.0 -90.0 -90.0 0.5000 249.90
85 1.0000 50.0 280.0000 285.98 90.0 90.0 -90.0 -90.0 0.5000 255.26
86 1.0000 60.0 280.0000 285.83 90.0 90.0 -90.0 -90.0 0.5000 254.86
87 1.0000 70.0 280.0000 285.61 90.0 90.0 -90.0 -90.0 0.5000 254.28
88 1.0000 80.0 280.0000 285.66 90.0 90.0 -90.0 -90.0 0.5000 254.40
89 1.0000 90.0 280.0000 285.75 90.0 90.0 -90.0 -90.0 0.5000 254.63
90 1.0250 0.0 280.0000 284.30 90.0 53.2 -53.2 -90.0 0.5000 251.90
91 1.0250 10.0 280.0000 284.76 90.0 54.5 -54.5 -90.0 0.5000 252.88
92 1.0250 20.0 280.0000 284.45 90.0 56.5 -56.5 -90.0 0.5000 251.99
93 1.0250 30.0 280.0000 285.80 90.0 65.4 -65.4 -90.0 0.5000 254.81
94 1.0250 40.0 280.0000 289.21 90.0 90.0 -90.0 -90.0 0.5000 262.58
95 1.0250 50.0 280.0000 289.22 90.0 90.0 -90.0 -90.0 0.5000 262.75
96 1.0250 60.0 280.0000 289.04 90.0 90.0 -90.0 -90.0 0.5000 262.32
97 1.0250 70.0 280.0000 288.82 90.0 90.0 -90.0 -90.0 0.5000 261.74
98 1.0250 80.0 280.0000 288.86 90.0 90.0 -90.0 -90.0 0.5000 261.86
99 1.0250 90.0 280.0000 288.95 90.0 90.0 -90.0 -90.0 0.5000 262.10
100 1.0500 0.0 280.0000 288.84 90.0 57.3 -57.3 -90.0 0.5000 262.39
101 1.0500 10.0 280.0000 288.67 90.0 57.9 -57.9 -90.0 0.5000 261.95
102 1.0500 20.0 280.0000 289.09 90.0 61.7 -61.7 -90.0 0.5000 262.71
103 1.0500 30.0 280.0000 290.57 90.0 78.0 -77.7 -90.0 0.5000 265.80
104 1.0500 40.0 280.0000 292.79 90.0 90.0 -90.0 -90.0 0.5000 270.76
105 1.0500 50.0 280.0000 292.59 90.0 90.0 -90.0 -90.0 0.5000 270.42
106 1.0500 60.0 280.0000 292.33 90.0 90.0 -90.0 -90.0 0.5000 269.90
107 1.0500 70.0 280.0000 292.06 90.0 90.0 -90.0 -90.0 0.5000 269.30
108 1.0500 80.0 280.0000 292.07 90.0 90.0 -90.0 -90.0 0.5000 269.42
109 1.0500 90.0 280.0000 292.15 90.0 90.0 -90.0 -90.0 0.5000 269.66
110 1.0750 0.0 280.0000 292.49 90.0 60.2 -60.2 -90.0 0.5000 271.30
111 1.0750 10.0 280.0000 292.43 90.0 61.0 -61.0 -90.0 0.5000 271.02
112 1.0750 20.0 280.0000 293.56 90.0 67.2 -67.1 -90.0 0.5000 273.27
113 1.0750 30.0 280.0000 294.91 90.0 90.0 -90.0 -90.0 0.5000 275.97
114 1.0750 40.0 280.0000 296.10 90.0 90.0 -90.0 -90.0 0.5000 278.52
115 1.0750 50.0 280.0000 296.04 90.0 90.0 -90.0 -90.0 0.5000 278.20
116 1.0750 60.0 280.0000 295.73 90.0 90.0 -90.0 -90.0 0.5000 277.66
117 1.0750 70.0 280.0000 295.32 90.0 90.0 -90.0 -90.0 0.5000 276.95
118 1.0750 80.0 280.0000 295.27 90.0 90.0 -90.0 -90.0 0.5000 277.05
119 1.0750 90.0 280.0000 295.33 90.0 90.0 -90.0 -90.0 0.5000 277.29
120 1.1000 0.0 280.0000 296.81 90.0 64.0 -64.0 -90.0 0.5000 282.16
121 1.1000 10.0 280.0000 297.10 90.0 66.1 -66.1 -90.0 0.5000 282.66
122 1.1000 20.0 280.0000 297.30 90.0 72.3 -72.3 -90.0 0.5000 282.58
123 1.1000 30.0 280.0000 298.88 90.0 90.0 -90.0 -90.0 0.5000 285.59
124 1.1000 40.0 280.0000 299.41 90.0 90.0 -90.0 -90.0 0.5000 286.35
125 1.1000 50.0 280.0000 299.41 90.0 90.0 -90.0 -90.0 0.5000 286.05
126 1.1000 60.0 280.0000 299.15 90.0 90.0 -90.0 -90.0 0.5000 285.52
127 1.1000 70.0 280.0000 298.61 90.0 90.0 -90.0 -90.0 0.5000 284.71
128 1.1000 80.0 280.0000 298.44 90.0 90.0 -90.0 -90.0 0.5000 284.74
129 1.1000 90.0 280.0000 298.47 90.0 90.0 -90.0 -90.0 0.5000 284.97
130 1.1250 0.0 280.0000 300.30 90.0 67.8 -67.8 -90.0 0.5000 291.28
131 1.1250 10.0 280.0000 300.30 90.0 69.3 -69.3 -90.0 0.5000 290.99
132 1.1250 20.0 280.0000 300.80 90.0 79.3 -79.3 -90.0 0.5000 291.56
133 1.1250 30.0 280.0000 302.13 90.0 90.0 -90.0 -90.0 0.5000 293.92
134 1.1250 40.0 280.0000 302.65 90.0 90.0 -90.0 -90.0 0.5000 294.22
135 1.1250 50.0 280.0000 302.72 90.0 90.0 -90.0 -90.0 0.5000 293.96
136 1.1250 60.0 280.0000 302.48 90.0 90.0 -90.0 -90.0 0.5000 293.40
137 1.1250 70.0 280.0000 301.85 90.0 90.0 -90.0 -90.0 0.5000 292.53
138 1.1250 80.0 280.0000 301.59 90.0 90.0 -90.0 -90.0 0.5000 292.50
139 1.1250 90.0 280.0000 301.58 90.0 90.0 -90.0 -90.0 0.5000 292.71
140 1.1500 0.0 280.0000 303.19 90.0 70.5 -70.5 -90.0 0.5000 299.32
141 1.1500 10.0 280.0000 303.37 90.0 72.7 -72.7 -90.0 0.5000 299.45
142 1.1500 20.0 280.0000 304.18 90.0 90.0 -90.0 -90.0 0.5000 300.59
143 1.1500 30.0 280.0000 305.11 90.0 90.0 -90.0 -90.0 0.5000 301.77
144 1.1500 40.0 280.0000 305.68 90.0 90.0 -90.0 -90.0 0.5000 302.04
145 1.1500 50.0 280.0000 305.99 90.0 90.0 -90.0 -90.0 0.5000 301.92
146 1.1500 60.0 280.0000 305.64 90.0 90.0 -90.0 -90.0 0.5000 301.29
147 1.1500 70.0 280.0000 304.99 90.0 90.0 -90.0 -90.0 0.5000 300.36
148 1.1500 80.0 280.0000 304.67 90.0 90.0 -90.0 -90.0 0.5000 300.28
149 1.1500 90.0 280.0000 304.64 90.0 90.0 -90.0 -90.0 0.5000 300.48
150 1.1750 0.0 280.0000 306.06 90.0 73.1 -73.1 -90.0 0.5000 307.51
151 1.1750 10.0 280.0000 306.57 90.0 77.8 -77.8 -90.0 0.5000 308.47
152 1.1750 20.0 280.0000 307.06 90.0 90.0 -90.0 -90.0 0.5000 308.70
153 1.1750 30.0 280.0000 307.93 90.0 90.0 -90.0 -90.0 0.5000 309.50
154 1.1750 40.0 280.0000 308.62 90.0 90.0 -90.0 -90.0 0.5000 309.87
155 1.1750 50.0 280.0000 308.98 90.0 90.0 -90.0 -90.0 0.5000 309.79
156 1.1750 60.0 280.0000 308.69 90.0 90.0 -90.0 -90.0 0.5000 309.18
157 1.1750 70.0 280.0000 307.99 90.0 90.0 -90.0 -90.0 0.5000 308.18
158 1.1750 80.0 280.0000 307.64 90.0 90.0 -90.0 -90.0 0.5000 308.06
159 1.1750 90.0 280.0000 307.59 90.0 90.0 -90.0 -90.0 0.5000 308.25
160 1.2000 0.0 280.0000 309.30 90.0 78.7 -78.7 -90.0 0.5000 316.84
161 1.2000 10.0 280.0000 309.38 90.0 83.0 -83.0 -90.0 0.5000 316.66
162 1.2000 20.0 280.0000 309.83 90.0 90.0 -90.0 -90.0 0.5000 316.78
163 1.2000 30.0 280.0000 310.59 90.0 90.0 -90.0 -90.0 0.5000 317.17
164 1.2000 40.0 280.0000 311.48 90.0 90.0 -90.0 -90.0 0.5000 317.71
165 1.2000 50.0 280.0000 311.78 90.0 90.0 -90.0 -90.0 0.5000 317.61
166 1.2000 60.0 280.0000 311.60 90.0 90.0 -90.0 -90.0 0.5000 317.05
167 1.2000 70.0 280.0000 310.85 90.0 90.0 -90.0 -90.0 0.5000 315.97
168 1.2000 80.0 280.0000 310.49 90.0 90.0 -90.0 -90.0 0.5000 315.82
169 1.2000 90.0 280.0000 310.44 90.0 90.0 -90.0 -90.0 0.5000 316.00
170 1.2250 0.0 280.0000 311.77 90.0 82.1 -82.1 -90.0 0.5000 324.45
171 1.2250 10.0 280.0000 311.90 90.0 90.0 -90.0 -90.0 0.5000 324.39
172 1.2250 20.0 280.0000 312.46 90.0 90.0 -90.0 -90.0 0.5000 324.70
173 1.2250 30.0 280.0000 313.15 90.0 90.0 -90.0 -90.0 0.5000 324.81
174 1.2250 40.0 280.0000 314.12 90.0 90.0 -90.0 -90.0 0.5000 325.44
175 1.2250 50.0 280.0000 314.52 90.0 90.0 -90.0 -90.0 0.5000 325.44
176 1.2250 60.0 280.0000 314.29 90.0 90.0 -90.0 -90.0 0.5000 324.83
177 1.2250 70.0 280.0000 313.60 90.0 90.0 -90.0 -90.0 0.5000 323.74
178 1.2250 80.0 280.0000 313.22 90.0 90.0 -90.0 -90.0 0.5000 323.55
179 1.2250 90.0 280.0000 313.17 90.0 90.0 -90.0 -90.0 0.5000 323.73
180 1.2500 0.0 280.0000 314.28 90.0 90.0 -90.0 -90.0 0.5000 332.16
181 1.2500 10.0 280.0000 314.45 90.0 90.0 -90.0 -90.0 0.5000 332.21
182 1.2500 20.0 280.0000 314.95 90.0 90.0 -90.0 -90.0 0.5000 332.34
183 1.2500 30.0 280.0000 315.66 90.0 90.0 -90.0 -90.0 0.5000 332.46
184 1.2500 40.0 280.0000 316.62 90.0 90.0 -90.0 -90.0 0.5000 333.12
185 1.2500 50.0 280.0000 317.11 90.0 90.0 -90.0 -90.0 0.5000 333.22
186 1.2500 60.0 280.0000 316.82 90.0 90.0 -90.0 -90.0 0.5000 332.55
187 1.2500 70.0 280.0000 316.22 90.0 90.0 -90.0 -90.0 0.5000 331.47
188 1.2500 80.0 280.0000 315.86 90.0 90.0 -90.0 -90.0 0.5000 331.26
189 1.2500 90.0 280.0000 315.80 90.0 90.0 -90.0 -90.0 0.5000 331.43
